107
202
401
502
504
505
1001
2001
3001
3002
3003
3004
7009
8009
8010
1
2
3
4
5
6
101
102
103
104
105
106
107
108
109
110
111
112
113
114
201
202
203
301
302
303
401
402
403
404
501
502
503
504
505
506
507
508
509
510
511
512
601
602
603
604
605
606
607
1001
1002
1003
1004
1005
1006
1007
1008
1009
1101
1102
1201
1202
1301
1302
1303
1304
2001
2002
2003
2101
2102
2103
2104
2201
2202
3001
3002
3003
3004
4001
4002
4003
4004
4005
4006
4007
4008
4009
4010
4011
4012
4013
4014
4015
4016
4017
5001
5002
5003
5004
5005
5006
5007
6001
6002
6003
6004
6005
6006
6007
6008
6009
6010
6011
6012
6013
6014
6015
6016
6017
7001
7002
7003
7004
7005
7006
7007
7008
7009
7010
7011
7012
7013
7014
7015
7016
7017
7018
8001
8002
8003
8004
8005
8006
8007
8008
8009
8010
8011
8012
8013
8014
8015
8016
8017
8018
8019
8020
8021
8022
8023
8024
8025
8026
8027
8028
8029
8030
8031
8032
8033
8034
8035
8101
8102
8103
8104
8105
8106
8107
8108
8109
8110
8111
8112
8113
8114
8115
8116
8117
8118
8201
8202
8203
8204
8205
8206
8207
8208
8209
8210
8211
8212
8213
8214
9001
9002
9003
9004
9005
9006
9007
9008
9009
9010
9011
9012
9013
9014
9015
9016
9017
9018
9019
9020
9021
9022
9023
9024
9025
9026
9027
9028
9029
9030
9031
9032
9033
9034
9035
9036
9037
9038
9039
9040
9041
9042
9043
9044
9045
9046
9047
9048
9049
10001
10002
10003
10004
10005
10006
10007
10008
10009
10010
10011
11001
11002
11003
11004
11005
11006
11007
11008
11009
11010
11011
11012
11013
11014
11015
11016
11017
12001
12002
12003
12004
12005
12006
12007
12008
12009
12010
12011
12012
12013
12014
12015
12016
12017
12018
12019
12020
12021
12022
12023
12024
12025
12026
12027
12028
12029